0
3.9948259877889534
3.987175254262932
3.9794351610637446
3.971604154369208
3.9636806970247798
3.955663268545537
3.947550365114751
3.939340499583533
3.9310322014708285
3.922624016963427
3.9141145089159517
3.9055022568508666
3.896785856958473
3.8879639220969113
3.8790350817921606
3.8699979822380373
3.860851286296196
3.851593673496132
3.8422238400351763
3.832740498760806
3.8231423791870096
3.8134282275226683
3.8035968066431383
3.793646896090087
3.7835772920714836
3.77338681904103
3.7630746669927237
3.7526398540535393
3.7420812675064665
3.7313978424948466
3.720588562017358
3.7096524569280156
3.698588605936171
3.6873961356065124
3.6760742203590637
3.664622082469187
3.653038992067579
3.641324267140276
3.6294772735286474
3.617497424929401
3.605384182894582
3.59313705683157
3.5807556040030826
3.568239429527174
3.5555881863772347
3.5428015753819913
3.529879345225508
3.516821292447185
3.5036272614417587
3.4902971444593036
3.476830881605229
3.4632284608402815
3.4494899179805443
3.435615336697437
3.4216048485177164
3.4074586328234755
3.393176916852144
3.378759975696487
3.3642081323046082
3.349521757479947
3.3347012698812786
3.3197471360227158
3.3046598702737078
3.2894400348590396
3.274088239858835
3.258605143208551
3.2429914506989843
3.227247915976266
3.2113753406022143
3.195374574250365
3.17924651412822
3.162992105243288
3.1466123404584825
3.1301082604921246
3.113480953917941
3.0967315571650653
3.079861254518039
3.0628712781168064
3.0457629079567203
3.0285374718885416
3.0111963456184343
2.993740952707971
2.9761727645741303
2.9584933004892964
2.940704127581261
2.922806860308609
2.9048009330348603
2.886678415596464
2.8684405151362076
2.850090829380447
2.831632930650004
2.8130703655703746
2.7944066550717293
2.775645294388913
2.756789753061447
2.7378434749335248
2.7188098781540173
2.699692355176469
2.6804942727590984
2.6612189719647996
2.641869768161142
2.6224499510203683
2.602962784519397
2.583411506939821
2.5637993308649145
2.544129442852528
2.5244050038525447
2.5046291492402153
2.48480498891282
2.4649356070021087
2.4450240619593986
2.425073386619271
2.405086588105814
2.385066647832622
2.365016521502799
2.344939139108955
2.324837404933209
2.3047141975471854
2.28457236981202
2.264414748878352
2.244244136186331
2.224063307465612
2.2038750127353604
2.1836819763042468
2.163486896770451
2.143292447021659
2.1231012742350654
2.102915999877372
2.0827392197047887
2.0625735037630317
2.042421396387327
2.0222854162024055
2.0021680561225086
1.982071783351383
1.961999039382284
1.941952239997974
1.9219337752707242
1.901946009562312
1.8819912815240232
1.8620719040966505
1.842190164510495
1.8223483242853649
1.8025486192305769
1.782793259444954
1.7630844293168269
1.7434242875240353
1.7238149670339258
1.7042585751033514
1.6847571932786742
1.6653128773957637
1.6459276575799966
1.6266035382462571
1.6073424980989373
1.5881464901319373
1.569017441628663
1.5499572541620312
1.5309678035944634
1.5120509400778896
1.493208488053747
1.474442246252982
1.455753987696047
1.4371454596929023
1.418618383843016
1.4001744560353637
1.3818153464484293
1.3635426995502034
1.3453581340981846
1.327263243139378
1.3092595940102996
1.2913487283369682
1.2735321620349143
1.2558113853091744
1.2381878627716092
1.2206630333911113
1.2032383103115367
1.1859150809684578
1.1686947070894376
1.1515785246940293
1.1345678440937805
1.1176639498922272
1.1008681009848993
1.0841815305593174
1.0676054462023363
1.0511410345904517
1.0347894589402513
1.018552350444315
1.0024323432211846
0.986430579827063
0.9705491917698863
0.9547918603343584
0.9391609260322846
0.9236570356251633
0.90828031998496
0.893030767458406
0.8779083518500689
0.8629130371602065
0.8480447774254156
0.8333035167636852
0.8186891895353443
0.8042017203430615
0.7898410240318432
0.7756070056890362
0.7614995606443252
0.7475185744697349
0.7336639229796296
0.7199354722356371
0.7063330785643787
0.69285658858064
0.6795058390388364
0.6662806569210183
0.653180859453115
0.6402062542880793
0.6273566394327629
0.6146318028050908
0.6020315225634478
0.5895555671794148
0.5772036957222977
0.5649756571443494
0.5528711905768339
0.5408900256759293
0.5290318822006801
0.5172964700092656
0.5056834892103153
0.49419263016290826
0.4828235734765766
0.4715759900113012
0.46044954087751505
0.44944387743610215
0.4385586412983959
0.42779346432618187
0.41714796863169634
0.4066217665776257
0.3962144607771081
0.3859256440937312
0.37575489964153497
0.3657018007850099
0.3557659111390961
0.3459467845691864
0.3362439651911227
0.3266569873711988
0.31718537572615946
0.30782864512319924
0.29858630067996483
0.28945783776455253
0.28044274199551034
0.2715404892418372
0.2627505456229817
0.25407236750884454
0.2455054015197772
0.23704908452658088
0.22870284365050889
0.22046609626326424
0.21233824998700176
0.204318702694327
0.19640684250829535
0.1886020478024145
0.18090368720064154
0.1733111195773854
0.16582369405750605
0.15844075001631286
0.15116161707956788
0.1439856151234822
0.13691205427471922
0.12994023491039267
0.12306944765806663
0.1162989733957568
0.10962808325192892
0.10305603860550033
0.09658209108715912
0.09020548259727024
0.08392544526709635
0.07774120146852194
0.0716519638227472
0.06565693520028927
0.059755308720980074
0.05394626775396884
0.04822898591772054
0.04260262708001568
0.03706634535795139
0.03161928511794032
0.026260580975712003
0.020989357796311586
0.015804730694099833
0.010705805032754218
0.005691676425267647
0.0007614307339497135
-0.004085855929573872
-0.008851117200374264
-0.013535296439997265
-0.018139346777590992
-0.022664231100068984
-0.027110922043827448
-0.03148040199612018
-0.03577366173619078
-0.039991701736075705
-0.04413553341497863
-0.048206177150374126
-0.052204659992604485
-0.05613194421179381
-0.05998887678798773
-0.06377597066241794
-0.06749357008679216
-0.07114186996792815
-0.07472115729282554
-0.07823213812565699
-0.081675574464935
-0.08505222144546165
-0.08836283117035157
-0.09160814974086903
-0.09478891686755246
-0.0979058658601533
-0.10095972367733126
-0.10395121080314149
-0.10688104130033717
-0.10974992293023556
-0.11255855704152232
-0.1153076385073576
-0.1179978558013725
-0.12062989100020356
-0.12320441978349203
-0.12572211143388468
-0.1281836288370332
-0.13058962848159428
-0.13294076045923026
-0.135237668464608
-0.13748098996505048
-0.13967135612852086
-0.14180939147681532
-0.14389571413196442
-0.1459309358189065
-0.14791566186548855
-0.14985049120403515
-0.15173601658951355
-0.1535728243243583
-0.15536149416084788
-0.15710259945418967
-0.15879670717950942
-0.16044437811362589
-0.16204616649346465
-0.16360262009563148
-0.16511428029971
-0.16658168208826177
-0.16800535404682654
-0.16938581836392175
-0.17072359083104274
-0.17201918084266302
-0.1732730913962337
-0.17448581909232672
-0.17565785414553775
-0.17678968037518428
-0.17788177519910145
-0.17893460963832594
-0.1799486483170965
-0.18092434946285305
-0.18186216490623747
-0.18276254008109324
-0.18362591402446546
-0.18445271937660113
-0.18524338238094856
-0.18599832288415802
-0.18671795433608135
-0.18740268378977207
-0.18805291190148563
-0.18866903293067946
-0.18925143474001221
-0.18980049879534414
-0.19031660016573715
-0.19080010752345486
-0.1912513831439627
-0.1916707829059276
-0.1920586562926966
-0.19241534639481284
-0.1927411899122344
-0.19303651714182032
-0.19330165197910684
-0.1935369119228039
-0.19374260807999943
-0.19391904543178684
-0.1940665231103031
-0.1941853331392955
-0.19427576109389352
-0.19433808615337778
-0.19437258124384818
-0.194379514651215
-0.19435921904289674
-0.1943121206428904
-0.1942385891673145
-0.19413915434582743
-0.19401445204909226
-0.19386527731693484
-0.19369200996890554
-0.19349494939702142
-0.19327438156540533
-0.19303058597816136
-0.1927638416342921
-0.19247442543308727
-0.1921626126629718
-0.19182867336878803
-0.1914728755850623
-0.19109548495373163
-0.19069676485747528
-0.19027697652593384
-0.18983637922064783
-0.18937522981633295
-0.1888937829389043
-0.18839229102194965
-0.18787100430926132
-0.1873301710860714
-0.18677003740791104
-0.18619084695746302
-0.18559284122624434
-0.1849762595146094
-0.18434133893174987
-0.18368831439569516
-0.1830174186333117
-0.1823288821803036
-0.18162293338121233
-0.1808997983894167
-0.18015970116713312
-0.1794028634854151
-0.17862950492415386
-0.17783984287207788
-0.17703409252675315
-0.17621246689458306
-0.1753751767908083
-0.17452243083950705
-0.1736544354735702
-0.17277139493039617
-0.17187351125935507
-0.17096098432270085
-0.17003401179147765
-0.16909278914551937
-0.1681375096734499
-0.1671683644726831
-0.16618554244942255
-0.165189230318662
-0.16417961260418507
-0.1631568716385653
-0.16212118756321886
-0.1610727384528958
-0.16001170018770827
-0.15893824634520504
-0.15785254831203469
-0.15675477528394552
-0.15564509426780082
-0.1545236701743183
-0.15339066568420853
-0.15224624123583835
-0.15109055507688404
-0.14992376326433327
-0.1487460197166117
-0.14755747616286063
-0.1463582820922726
-0.1451485848043981
-0.14392852940843295
-0.14269825882385737
-0.14145791378665545
-0.14020763283514634
-0.13894755231576367
-0.13767780638446842
-0.13639852706931704
-0.13510984433499582
-0.13381188578750555
-0.13250477683143785
-0.13118864068269906
-0.1298635983677872
-0.12852976872346256
-0.12718726839721758
-0.12583621699620684
-0.12447674426209794
-0.12310896948124397
-0.12173302932238617
-0.1203490498216782
-0.11895720587248132
-0.11755766889086089
-0.11615065641485225
-0.11473634104916233
-0.11331483076601845
-0.1118862326521528
-0.11045065520879767
-0.10900820465048824
-0.10755898558779556
-0.10610310212716705
-0.10464065846542893
-0.10317175795837069
-0.10169650417236262
-0.10021499990077405
-0.09872734722221244
-0.09723364777774683
-0.09573400281652308
-0.09422851323434447
-0.09271727949796647
-0.09120040165124671
-0.0896779793390272
-0.08815011180717916
-0.08661689792230387
-0.0850784361644926
-0.08353482458449843
-0.08198616083390667
-0.0804325421655386
-0.07887406543345153
-0.0773108270929384
-0.07574292320209589
-0.07417044945449669
-0.07259350114564496
-0.07101217314207624
-0.06942655990788552
-0.06783675550866586
-0.06624285361150796
-0.06464494748500028
-0.06304312999922917
-0.06143749362577835
-0.05982813043772965
-0.05821513210966253
-0.05659858991765421
-0.05497859473927977
-0.0533552370536117
-0.05172860694122058
-0.05009879408417463
-0.04846588776603982
-0.04682997687187999
-0.045191149888256364
-0.04354949490322831
-0.041905099606352796
-0.040258051288684545
-0.038608436842776137
-0.03695634276267758
-0.03530185514393696
-0.0336450596804003
-0.031986041667729274
-0.03032488600707801
-0.02866167720105841
-0.026996499353737304
-0.02532943617063592
-0.023660570958730046
-0.021989986626449964
-0.02031776568368067
-0.01864399024176131
-0.016968742013485905
-0.015292102313102924
-0.013614152056315366
-0.011934971760280896
-0.010254641548571853
-0.008573241150871507
-0.006890849889402417
-0.005207546687669956
-0.0035234100706807974
-0.001838518164942491
-0.00015294869846412158
0.0015332209992441233
0.0032199139971708507
0.004907053762803331
0.006594564157967522
0.008282369435624042
0.009970394257708303
0.011658563685257303
0.01334680317777387
0.015035038593227116
0.016723196188051747
0.018411202617148473
0.020098984933883967
0.021786470589257582
0.023473587424225027
0.02516026368411147
0.026846428015093987
0.028532009461740872
0.03021693746751769
0.03190114187432635
0.03358455292246655
0.035267101249579366
0.036948717889497315
0.03862933424624247
0.04030888213751878
0.04198729378629426
0.04366450181386493
0.04534043923981494
0.04701503947763034
0.04868823607197218
0.05035996256612947
0.052030152867678876
0.05369874127839996
0.055365662494521364
0.0570308516067884
0.05869424397289571
0.06035577506540073
0.06201538090484056
0.0636729978758687
0.06532856180683151
0.0669820077576865
0.06863327276526178
0.07028229275371295
0.071928997827378
0.07357332060531532
0.0752151891625536
0.07685453634475214
0.0784912890029397
0.08012536217348912
0.0817566737825436
0.08338515066105434
0.08501072241946529
0.08663331982739217
0.08825287359708714
0.08986931489833601
0.0914825750612324
0.09309258558781902
0.0946992783393355
0.0963025854117277
0.0979024391100698
0.09949877189453667
0.10109151643063961
0.10268060558540407
0.10426597233115327
0.10584754988635413
0.10742527171171301
0.10899907147350166
0.1105688830417994
0.11213464048820397
0.11369627809320963
0.11525373034433208
0.11680693193506088
0.11835581776483373
0.11990032293479236
0.12144038274945977
0.12297593272411686
0.1245069085800128
0.12603324624434029
0.12755488185023686
0.1290717517367844
0.13058379244921578
0.1320909407385214
0.13359313356022087
0.1350903080756981
0.1365824016522875
0.1380693518632739
0.13955109648789318
0.14102757351133122
0.14249872112472467
0.14396447772516083
0.14542478191567731
0.1468795725052627
0.14832878850885575
0.1497723691473459
0.15121025384742634
0.15264238224064774
0.15406869416496724
0.15548912966445957
0.1569036289905291
0.15831213260047317
0.15971458115518078
0.16111091552148732
0.16250107677219067
0.1638850061860514
0.16526264524779288
0.16663393564810092
0.16799881928362448
0.16935723825697474
0.17070913487672584
0.17205445165741445
0.17339313131953987
0.17472511678956446
0.1760503511999129
0.1773687778889726
0.1786803404010938
0.17998498248938313
0.18128264815895626
0.18257328158820857
0.1838568271432199
0.18513322939611335
0.18640243312505583
0.1876643833142569
0.18891902515397022
0.19016630404049215
0.19140616557616288
0.1926385555693661
0.1938634200345281
0.1950807051921195
0.19629035746865342
0.19749232349668686
0.19868655011482034
0.19987298436769704
0.20105157350600436
0.20222226498647225
0.20338500647187457
0.20453974583102863
0.20568643113879448
0.20682501067607628
0.20795543292982088
0.20907764659301897
0.21019160056470473
0.21129724394995555
0.21239452605989245
0.21348339641167913
0.21456380472852318
0.21563570093967535
0.21669903518042952
0.2177537577921234
0.21879981932213746
0.21983717052389615
0.22086576235686708
0.22188554598656093
0.22289647278453223
0.2238984943283784
0.2248915624017406
0.22587562899475191
0.22685064630926072
0.2278165667490042
0.22877334292183424
0.2297209276416527
0.23065927392841043
0.2315883350081073
0.23250806431279294
0.23341841548056566
0.23431934235573731
0.23521079899483865
0.2360927396630006
0.23696511882233892
0.2378278911409388
0.2386810114929547
0.23952443495861042
0.24035811682419836
0.24118201258240074
0.2419960779324976
0.24280026877901953
0.24359454123252
0.24437885160962272
0.24515315643302182
0.2459174124351409
0.2466715765957378
0.24741560630774947
0.2481494589633316
0.24887309211399783
0.24958646351853137
0.2502895311411267
0.2509822531518985
0.2516645982033334
0.252336542340264
0.25299804445838825
0.2536490633964419
0.25428955823608873
0.2549194883019218
0.25553881316146243
0.2561474926251611
0.25674548685114185
0.25733275993692706
0.2579092743143366
0.2584749930713817
0.25902988262758125
0.25957390444649964
0.26010702003028174
0.2606291911425527
0.261140383335983
0.26164058022393805
0.26212974844530923
0.2626078574586745
0.2630748721092449
0.2635307559712347
0.26397548199227294
0.2644090182003899
0.26483133372250056
0.26524242534819586
0.2656422648676299
0.2660308211343097
0.26640807964877433
0.2667740168617789
0.26712862278584937
0.26747186757162683
0.26780372744940095
0.2681242084842429
0.26843328378020204
0.26873092948926103
0.26901712507128706
0.26929184722182237
0.26955506907052285
0.2698067622031795
0.27004689852923425
0.27027545028304284
0.27049239025688854
0.2706976924377131
0.2708913309333081
0.27107328029342903
0.27124351578986333
0.27140201287075066
0.2715487475060375
0.27168369623056904
0.2718068362499395
0.2719181452602625
0.27201760138903064
0.2721051832964744
0.272180870176569
0.2722446417570348
0.27229647832946596
0.2723363609363542
0.27236427098422794
0.27238019036021727
0.2723841014855585
0.2723759873160614
0.2723558313446122
0.27232361759571194
0.27227933062721754
0.27222295553106785
0.2721544779333129
0.2720738839941131
0.27198116040773995
0.2718762944025752
0.27175927374111186
0.271630086719954
0.27148872217241954
0.27133516946714037
0.2711694185051109
0.27099145972144145
0.27080128408535853
0.2705988831002048
0.270384248803439
0.27015737376663584
0.2699182510954864
0.26966687442979775
0.2694032379434932
0.2691273363446118
0.26883916487530907
0.26853871931185663
0.2682259959646422
0.2679009916781694
0.2675637038310582
0.2672141303360447
0.2668522696399808
0.2664781207238349
0.26609168310269143
0.2656929568239384
0.265281942464807
0.2648586411440489
0.2644230545152618
0.26397518476614573
0.2635150346185027
0.2630426073282375
0.2625579066853567
0.26206093701396954
0.2615517031722873
0.2610302105526236
0.26049646508139446
0.25995047321911774
0.2593922419604143
0.25882177883400664
0.2582390919027197
0.2576441897634811
0.25703708154732
0.2564177769193685
0.2557862860788608
0.2551426197591329
0.2544867892276239
0.25381880628587455
0.25313868326952815
0.25244643304833014
0.25174206902612833
0.2510256051385693
0.2502970558397499
0.24955643613339998
0.24880376156145204
0.24803904819990885
0.24726231265884377
0.24647357208239995
0.2456728441487913
0.24486014707030146
0.24403549959328466
0.24319892099816542
0.24235043109943824
0.24149005024566816
0.24061779931949034
0.23973369973761
0.23883777345026735
0.23793004292402703
0.23701053117009915
0.23607926174316868
0.23513625873194852
0.23418154675918007
0.23321515098163245
0.2322370970901034
0.23124741130941834
0.23024612039843076
0.22923325165002284
0.2282088328911042
0.22717289248261324
0.226125459319516
0.22506656283080656
0.22399623297950777
0.22291450026266993
0.22182139571137188
0.22071695089072038
0.2196011978998502
0.2184741693719247
0.21733589847413473
0.2161864189077
0.21502576490786768
0.21385397124391323
0.21267107321666817
0.21147710665542407
0.21027210793261436
0.20905611395551232
0.20782916216538735
0.2065912905375054
0.20534253758112794
0.20408294233951296
0.20281254438991406
0.2015313838435815
0.20023950134576107
0.19893693807569476
0.19762373574662107
0.19629993660577386
0.1949655834343838
0.1936207195476771
0.19226538879487606
0.19089963555919964
0.18952350475786195
0.18813704184207417
0.18674029279704274
0.18533330414196922
0.1839161229300526
0.18248879674848728
0.1810513737184646
0.17960390249517158
0.1781464322677912
0.17667901275950318
0.17520169422748247
0.17371452739933305
0.17221756338123329
0.17071085400253413
0.16919445164768881
0.16766840923952284
0.16613278023448236
0.16458761862262763
0.16303297892707452
0.16146891620451562
0.1598954860440912
0.15831274456123834
0.15672074837818378
0.15511954718674756
0.15350917523129362
0.15188968406139328
0.15026113140221747
0.14862357647611746
0.14697707898868584
0.1453216991287626
0.14365749703648747
0.14198452668573827
0.14030284748632565
0.13861252158538417
0.13691361159773896
0.13520618060497425
0.1334902921543461
0.13176601025878115
0.1300333993968769
0.12829252451284573
0.1265434510113123
0.12478624461424162
0.12302097158155229
0.12124769561825692
0.11946647403848887
0.11767737385126487
0.11588045079446696
0.11407573673723828
0.11226324744111113
0.11044301549444437
0.10861507601990147
0.10677948967491566
0.10493632929426705
0.10308566753285003
0.10122757686066422
0.09936212942660243
0.09748939717403629
0.09560943993294932
0.09372221119898386
0.09182774049879233
0.08992608826908738
0.08801732390505
0.08610151794118531
0.08417874001916724
0.08224905911163448
0.08031254202577061
0.07836925595106504
0.07641926780932846
0.07446264362216734
0.0724994485107598
0.07052974669585371
0.06855360149776896
0.06657107533639506
0.06458222973119362
0.06258712530119617
0.06058582176500513
0.05857837793989036
0.05656485170976368
0.05454530007842371
0.05251977915031769
0.05048834416068665
0.04845104943974945
0.04640794840819191
0.04435909357716913
0.042304536548303406
0.040244328013685195
0.03817851775587394
0.036107154647896
0.0
